Listening for IR pulses with DMA precision...
Press Ctrl+C to stop and print results.

Stopping measurement...

--- Results (853 samples) ---
[29867, 1]
[49310, 0]
[3465, 1]
[1587, 0]
[458, 1]
[1220, 0]
[460, 1]
[378, 0]
[458, 1]
[357, 0]
[482, 1]
[379, 0]
[458, 1]
[379, 0]
[458, 1]
[380, 0]
[459, 1]
[379, 0]
[429, 1]
[412, 0]
[430, 1]
[405, 0]
[459, 1]
[378, 0]
[459, 1]
[378, 0]
[460, 1]
[378, 0]
[429, 1]
[1246, 0]
[460, 1]
[358, 0]
[480, 1]
[378, 0]
[458, 1]
[383, 0]
[458, 1]
[376, 0]
[460, 1]
[376, 0]
[460, 1]
[379, 0]
[486, 1]
[351, 0]
[460, 1]
[379, 0]
[429, 1]
[408, 0]
[460, 1]
[379, 0]
[459, 1]
[381, 0]
[437, 1]
[397, 0]
[459, 1]
[378, 0]
[430, 1]
[408, 0]
[459, 1]
[378, 0]
[460, 1]
[379, 0]
[457, 1]
[381, 0]
[458, 1]
[1217, 0]
[460, 1]
[358, 0]
[481, 1]
[1213, 0]
[460, 1]
[1216, 0]
[429, 1]
[1246, 0]
[457, 1]
[1197, 0]
[482, 1]
[1214, 0]
[457, 1]
[1218, 0]
[461, 1]
[377, 0]
[460, 1]
[1219, 0]
[459, 1]
[1213, 0]
[458, 1]
[1218, 0]
[460, 1]
[1214, 0]
[460, 1]
[1216, 0]
[460, 1]
[1215, 0]
[484, 1]
[1167, 0]
[510, 1]
[1190, 0]
[485, 1]
[1192, 0]
[460, 1]
[353, 0]
[481, 1]
[378, 0]
[459, 1]
[379, 0]
[459, 1]
[380, 0]
[459, 1]
[379, 0]
[459, 1]
[377, 0]
[459, 1]
[379, 0]
[460, 1]
[382, 0]
[458, 1]
[376, 0]
[457, 1]
[370, 0]
[438, 1]
[1246, 0]
[459, 1]
[1218, 0]
[458, 1]
[378, 0]
[459, 1]
[357, 0]
[482, 1]
[1216, 0]
[459, 1]
[1219, 0]
[459, 1]
[1214, 0]
[458, 1]
[1193, 0]
[510, 1]
[351, 0]
[458, 1]
[356, 0]
[482, 1]
[1218, 0]
[485, 1]
[1189, 0]
[459, 1]
[380, 0]
[458, 1]
[382, 0]
[460, 1]
[374, 0]
[459, 1]
[1216, 0]
[459, 1]
[379, 0]
[457, 1]
[381, 0]
[460, 1]
[1214, 0]
[461, 1]
[378, 0]
[458, 1]
[380, 0]
[458, 1]
[1220, 0]
[459, 1]
[1212, 0]
[487, 1]
[352, 0]
[458, 1]
[1195, 0]
[507, 1]
[1190, 0]
[488, 1]
[350, 0]
[459, 1]
[1216, 0]
[458, 1]
[1218, 0]
[486, 1]
[355, 0]
[460, 1]
[1189, 0]
[507, 1]
[1191, 0]
[459, 1]
[357, 0]
[482, 1]
[377, 0]
[489, 1]
[1186, 0]
[460, 1]
[355, 0]
[508, 1]
[352, 0]
[460, 1]
[381, 0]
[487, 1]
[348, 0]
[460, 1]
[377, 0]
[486, 1]
[1189, 0]
[459, 1]
[1216, 0]
[487, 1]
[351, 0]
[460, 1]
[1215, 0]
[487, 1]
[1189, 0]
[486, 1]
[1192, 0]
[487, 1]
[348, 0]
[461, 1]
[376, 0]
[486, 1]
[1189, 0]
[460, 1]
[1216, 0]
[485, 1]
[1169, 0]
[481, 1]
[378, 0]
[459, 1]
[1216, 0]
[488, 1]
[354, 0]
[460, 1]
[1211, 0]
[474, 1]
[1200, 0]
[489, 1]
[350, 0]
[488, 1]
[350, 0]
[460, 1]
[377, 0]
[487, 1]
[1188, 0]
[460, 1]
[378, 0]
[488, 1]
[1192, 0]
[486, 1]
[346, 0]
[484, 1]
[355, 0]
[429, 1]
[408, 0]
[460, 1]
[378, 0]
[486, 1]
[351, 0]
[460, 1]
[379, 0]
[486, 1]
[330, 0]
[481, 1]
[381, 0]
[486, 1]
[1185, 0]
[461, 1]
[1215, 0]
[488, 1]
[1188, 0]
[485, 1]
[1189, 0]
[460, 1]
[1216, 0]
[460, 1]
[1215, 0]
[459, 1]
[1217, 0]
[458, 1]
[1220, 0]
[459, 1]
[375, 0]
[459, 1]
[357, 0]
[480, 1]
[380, 0]
[458, 1]
[378, 0]
[460, 1]
[356, 0]
[482, 1]
[378, 0]
[485, 1]
[352, 0]
[460, 1]
[357, 0]
[510, 1]
[1164, 0]
[481, 1]
[1205, 0]
[498, 1]
[1187, 0]
[461, 1]
[1194, 0]
[482, 1]
[1215, 0]
[459, 1]
[1216, 0]
[460, 1]
[1216, 0]
[459, 1]
[1220, 0]
[486, 1]
[348, 0]
[459, 1]
[379, 0]
[459, 1]
[379, 0]
[458, 1]
[379, 0]
[460, 1]
[379, 0]
[458, 1]
[378, 0]
[459, 1]
[378, 0]
[460, 1]
[382, 0]
[459, 1]
[1212, 0]
[487, 1]
[1166, 0]
[482, 1]
[1216, 0]
[460, 1]
[1215, 0]
[459, 1]
[1216, 0]
[460, 1]
[1216, 0]
[486, 1]
[1167, 0]
[480, 1]
[1199, 0]
[509, 1]
[347, 0]
[460, 1]
[355, 0]
[483, 1]
[378, 0]
[460, 1]
[378, 0]
[460, 1]
[355, 0]
[507, 1]
[332, 0]
[508, 1]
[350, 0]
[488, 1]
[353, 0]
[460, 1]
[1211, 0]
[460, 1]
[1216, 0]
[486, 1]
[1167, 0]
[481, 1]
[1216, 0]
[489, 1]
[1187, 0]
[460, 1]
[1216, 0]
[460, 1]
[1215, 0]
[458, 1]
[1220, 0]
[461, 1]
[374, 0]
[460, 1]
[378, 0]
[460, 1]
[378, 0]
[459, 1]
[378, 0]
[459, 1]
[378, 0]
[460, 1]
[378, 0]
[429, 1]
[408, 0]
[460, 1]
[380, 0]
[460, 1]
[1214, 0]
[460, 1]
[1214, 0]
[460, 1]
[1215, 0]
[461, 1]
[1214, 0]
[460, 1]
[1192, 0]
[484, 1]
[1216, 0]
[459, 1]
[1214, 0]
[460, 1]
[1220, 0]
[459, 1]
[1213, 0]
[458, 1]
[1216, 0]
[430, 1]
[386, 0]
[481, 1]
[380, 0]
[459, 1]
[378, 0]
[459, 1]
[1216, 0]
[460, 1]
[378, 0]
[429, 1]
[412, 0]
[458, 1]
[352, 0]
[484, 1]
[377, 0]
[460, 1]
[1215, 0]
[461, 1]
[1215, 0]
[461, 1]
[1215, 0]
[459, 1]
[378, 0]
[430, 1]
[1245, 0]
[458, 1]
[1221, 0]
[459, 1]
[376, 0]
[458, 1]
[379, 0]
[459, 1]
[379, 0]
[458, 1]
[379, 0]
[459, 1]
[1217, 0]
[459, 1]
[1215, 0]
[460, 1]
[1216, 0]
[459, 1]
[1220, 0]
[460, 1]
[1190, 0]
[451, 1]
[1246, 0]
[459, 1]
[1217, 0]
[459, 1]
[1216, 0]
[429, 1]
[407, 0]
[460, 1]
[379, 0]
[459, 1]
[380, 0]
[458, 1]
[382, 0]
[458, 1]
[375, 0]
[462, 1]
[376, 0]
[430, 1]
[409, 0]
[458, 1]
[379, 0]
[459, 1]
[377, 0]
[461, 1]
[377, 0]
[461, 1]
[356, 0]
[456, 1]
[407, 0]
[430, 1]
[1242, 0]
[458, 1]
[1217, 0]
[460, 1]
[1194, 0]
[451, 1]
[1245, 0]
[431, 1]
[1246, 0]
[460, 1]
[1214, 0]
[459, 1]
[1216, 0]
[460, 1]
[1219, 0]
[458, 1]
[376, 0]
[460, 1]
[378, 0]
[459, 1]
[379, 0]
[485, 1]
[328, 0]
[483, 1]
[379, 0]
[458, 1]
[381, 0]
[459, 1]
[377, 0]
[459, 1]
[383, 0]
[458, 1]
[1214, 0]
[458, 1]
[1217, 0]
[459, 1]
[1215, 0]
[458, 1]
[1219, 0]
[458, 1]
[1216, 0]
[460, 1]
[1216, 0]
[460, 1]
[1215, 0]
[460, 1]
[1220, 0]
[458, 1]
[374, 0]
[431, 1]
[407, 0]
[459, 1]
[379, 0]
[459, 1]
[378, 0]
[458, 1]
[381, 0]
[459, 1]
[379, 0]
[428, 1]
[409, 0]
[459, 1]
[1219, 0]
[461, 1]
[1212, 0]
[430, 1]
[1244, 0]
[459, 1]
[1195, 0]
[481, 1]
[1216, 0]
[456, 1]
[1219, 0]
[458, 1]
[1218, 0]
[430, 1]
[1245, 0]
[430, 1]
[409, 0]
[461, 1]
[1213, 0]
[459, 1]
[1215, 0]
[431, 1]
[386, 0]
[481, 1]
[378, 0]
[458, 1]
[381, 0]
[459, 1]
[356, 0]
[480, 1]
[379, 0]
[459, 1]
[382, 0]
[459, 1]
[375, 0]
[460, 1]
[378, 0]
[460, 1]
[1215, 0]
[458, 1]
[1217, 0]
[459, 1]
[1217, 0]
[458, 1]
[1192, 0]
[454, 1]
[1245, 0]
[460, 1]
[1220, 0]
[460, 1]
[1212, 0]
[461, 1]
[376, 0]
[459, 1]
[379, 0]
[430, 1]
[407, 0]
[459, 1]
[379, 0]
[460, 1]
[379, 0]
[458, 1]
[379, 0]
[459, 1]
[382, 0]
[460, 1]
[376, 0]
[458, 1]
[1193, 0]
[482, 1]
[1192, 0]
[453, 1]
[1245, 0]
[460, 1]
[1215, 0]
[459, 1]
[1218, 0]
[459, 1]
[1215, 0]
[459, 1]
[1220, 0]
[460, 1]
[374, 0]
[458, 1]
[359, 0]
[481, 1]
[377, 0]
[460, 1]
[1193, 0]
[480, 1]
[381, 0]
[458, 1]
[379, 0]
[486, 1]
[329, 0]
[483, 1]
[1219, 0]
[458, 1]
[1213, 0]
[458, 1]
[1217, 0]
[458, 1]
[1217, 0]
[460, 1]
[378, 0]
[460, 1]
[1216, 0]
[460, 1]
[1214, 0]
[460, 1]
[1216, 0]
[460, 1]
[382, 0]
[459, 1]
[375, 0]
[429, 1]
[408, 0]
[459, 1]
[379, 0]
[460, 1]
[378, 0]
[458, 1]
[357, 0]
[481, 1]
[379, 0]
[460, 1]
[378, 0]
[459, 1]
[382, 0]
[459, 1]
[1212, 0]
[459, 1]
[1193, 0]
[482, 1]
[1216, 0]
[430, 1]
[1224, 0]
[483, 1]
[1214, 0]
[459, 1]
[1195, 0]
[481, 1]
[1216, 0]
[430, 1]
[1248, 0]
[461, 1]
[374, 0]
[459, 1]
[379, 0]
[460, 1]
[377, 0]
[460, 1]
[378, 0]
[459, 1]
[379, 0]
[460, 1]
[377, 0]
[460, 1]
[357, 0]
[481, 1]
[382, 0]
[486, 1]
[1162, 0]
[482, 1]
[1216, 0]
[460, 1]
[1215, 0]
[485, 1]
[1169, 0]
[508, 1]
[1189, 0]
[488, 1]
[1187, 0]
[460, 1]
[1214, 0]
[487, 1]
[1192, 0]
[460, 1]
[1212, 0]
[460, 1]
[1216, 0]
[487, 1]
[1188, 0]
[460, 1]
[1215, 0]
[459, 1]
[1217, 0]
[486, 1]
[1188, 0]
[460, 1]
[1216, 0]
[486, 1]
[1193, 0]
[459, 1]
[376, 0]
[486, 1]
[351, 0]
[484, 1]
[353, 0]
[460, 1]
[355, 0]
[509, 1]
[328, 0]
[510, 1]
[351, 0]
[459, 1]
[379, 0]
[459, 1]
[382, 0]
[486, 1]
[1185, 0]
[487, 1]
[1189, 0]
[487, 1]
[1187, 0]
[487, 1]
[1189, 0]
[460, 1]
[1216, 0]
[486, 1]
[1189, 0]
[486, 1]
[1190, 0]
[460, 1]
[1217, 0]
[489, 1]
[346, 0]
[459, 1]
[379, 0]
[488, 1]
[350, 0]
[486, 1]
[351, 0]
[486, 1]
[351, 0]
[487, 1]
[351, 0]
[485, 1]
[330, 0]
[481, 1]
[383, 0]
[487, 1]
[1163, 0]
[507, 1]
[1190, 0]
[485, 1]
[1167, 0]
[510, 1]
[1189, 0]
[488, 1]
[1186, 0]
[487, 1]
[1189, 0]
[487, 1]
[1188, 0]
[488, 1]
[1191, 0]
[486, 1]
[348, 0]
[458, 1]
[380, 0]
[485, 1]
[352, 0]
[487, 1]
[351, 0]
[485, 1]
[353, 0]
[484, 1]
[353, 0]
[458, 1]
[380, 0]
[485, 1]
[356, 0]
[456, 1]
[1216, 0]
[485, 1]
[1189, 0]
[458, 1]
[1218, 0]
[484, 1]
[1191, 0]
[484, 1]
[1191, 0]
[485, 1]
[1191, 0]
[485, 1]
[1190, 0]
[486, 1]
[1171, 0]
[508, 1]
[348, 0]
[457, 1]
[381, 0]
[485, 1]
[353, 0]
[482, 1]
[356, 0]
[483, 1]
[354, 0]
[457, 1]
[381, 0]
[485, 1]
[330, 0]
[480, 1]
[382, 0]
[483, 1]
added bit data and RC state info to ./aircon-bits/data.json as config_1
