--- Results (852 samples) ---
[28773, 1]
[49293, 0]
[3402, 1]
[1601, 0]
[395, 1]
[1224, 0]
[408, 1]
[366, 0]
[403, 1]
[372, 0]
[436, 1]
[391, 0]
[404, 1]
[389, 0]
[406, 1]
[388, 0]
[405, 1]
[372, 0]
[434, 1]
[386, 0]
[417, 1]
[373, 0]
[421, 1]
[381, 0]
[418, 1]
[359, 0]
[405, 1]
[357, 0]
[433, 1]
[1238, 0]
[405, 1]
[383, 0]
[403, 1]
[387, 0]
[416, 1]
[386, 0]
[400, 1]
[400, 0]
[402, 1]
[385, 0]
[421, 1]
[384, 0]
[403, 1]
[387, 0]
[416, 1]
[370, 0]
[439, 1]
[358, 0]
[434, 1]
[385, 0]
[422, 1]
[373, 0]
[416, 1]
[377, 0]
[406, 1]
[387, 0]
[417, 1]
[395, 0]
[410, 1]
[360, 0]
[432, 1]
[356, 0]
[433, 1]
[386, 0]
[417, 1]
[1231, 0]
[404, 1]
[388, 0]
[410, 1]
[1220, 0]
[400, 1]
[1234, 0]
[419, 1]
[1162, 0]
[444, 1]
[1219, 0]
[401, 1]
[1226, 0]
[402, 1]
[1222, 0]
[417, 1]
[386, 0]
[421, 1]
[1215, 0]
[421, 1]
[1213, 0]
[401, 1]
[1210, 0]
[407, 1]
[1230, 0]
[404, 1]
[1236, 0]
[402, 1]
[1207, 0]
[433, 1]
[1213, 0]
[420, 1]
[1218, 0]
[404, 1]
[1232, 0]
[417, 1]
[386, 0]
[401, 1]
[389, 0]
[416, 1]
[389, 0]
[407, 1]
[390, 0]
[404, 1]
[371, 0]
[435, 1]
[391, 0]
[403, 1]
[389, 0]
[397, 1]
[402, 0]
[403, 1]
[357, 0]
[433, 1]
[401, 0]
[403, 1]
[1230, 0]
[388, 1]
[1209, 0]
[418, 1]
[387, 0]
[417, 1]
[386, 0]
[405, 1]
[1227, 0]
[403, 1]
[1236, 0]
[404, 1]
[1204, 0]
[433, 1]
[1223, 0]
[403, 1]
[374, 0]
[402, 1]
[388, 0]
[411, 1]
[1235, 0]
[401, 1]
[1220, 0]
[419, 1]
[387, 0]
[415, 1]
[387, 0]
[403, 1]
[389, 0]
[402, 1]
[1236, 0]
[402, 1]
[390, 0]
[402, 1]
[407, 0]
[396, 1]
[1218, 0]
[416, 1]
[391, 0]
[409, 1]
[370, 0]
[425, 1]
[1219, 0]
[418, 1]
[1205, 0]
[426, 1]
[387, 0]
[402, 1]
[1232, 0]
[416, 1]
[1219, 0]
[414, 1]
[371, 0]
[417, 1]
[1223, 0]
[418, 1]
[1243, 0]
[390, 1]
[388, 0]
[402, 1]
[1229, 0]
[403, 1]
[1221, 0]
[417, 1]
[387, 0]
[408, 1]
[376, 0]
[406, 1]
[1198, 0]
[442, 1]
[385, 0]
[405, 1]
[355, 0]
[433, 1]
[403, 0]
[402, 1]
[389, 0]
[404, 1]
[385, 0]
[416, 1]
[1216, 0]
[412, 1]
[1221, 0]
[417, 1]
[387, 0]
[405, 1]
[1233, 0]
[402, 1]
[1207, 0]
[429, 1]
[1229, 0]
[403, 1]
[386, 0]
[424, 1]
[361, 0]
[405, 1]
[1224, 0]
[405, 1]
[1221, 0]
[418, 1]
[1214, 0]
[409, 1]
[387, 0]
[417, 1]
[1221, 0]
[419, 1]
[386, 0]
[418, 1]
[1220, 0]
[403, 1]
[1221, 0]
[418, 1]
[372, 0]
[419, 1]
[408, 0]
[388, 1]
[388, 0]
[405, 1]
[1224, 0]
[413, 1]
[391, 0]
[405, 1]
[1236, 0]
[403, 1]
[390, 0]
[402, 1]
[387, 0]
[419, 1]
[388, 0]
[403, 1]
[374, 0]
[414, 1]
[392, 0]
[402, 1]
[388, 0]
[400, 1]
[369, 0]
[434, 1]
[372, 0]
[423, 1]
[1226, 0]
[403, 1]
[1222, 0]
[388, 1]
[1222, 0]
[424, 1]
[1216, 0]
[417, 1]
[1220, 0]
[405, 1]
[1217, 0]
[416, 1]
[1220, 0]
[418, 1]
[1207, 0]
[425, 1]
[376, 0]
[425, 1]
[372, 0]
[420, 1]
[355, 0]
[441, 1]
[387, 0]
[417, 1]
[386, 0]
[405, 1]
[386, 0]
[421, 1]
[388, 0]
[403, 1]
[388, 0]
[417, 1]
[1218, 0]
[404, 1]
[1229, 0]
[402, 1]
[1222, 0]
[416, 1]
[1205, 0]
[432, 1]
[1225, 0]
[406, 1]
[1209, 0]
[422, 1]
[1205, 0]
[458, 1]
[1201, 0]
[400, 1]
[386, 0]
[401, 1]
[403, 0]
[404, 1]
[373, 0]
[429, 1]
[389, 0]
[402, 1]
[388, 0]
[560, 1]
[235, 0]
[402, 1]
[387, 0]
[417, 1]
[388, 0]
[410, 1]
[1202, 0]
[433, 1]
[1232, 0]
[384, 1]
[1227, 0]
[403, 1]
[1216, 0]
[418, 1]
[1224, 0]
[402, 1]
[1232, 0]
[404, 1]
[1238, 0]
[416, 1]
[1218, 0]
[402, 1]
[389, 0]
[421, 1]
[362, 0]
[403, 1]
[388, 0]
[405, 1]
[390, 0]
[403, 1]
[372, 0]
[436, 1]
[362, 0]
[436, 1]
[394, 0]
[389, 1]
[397, 0]
[405, 1]
[1221, 0]
[404, 1]
[1237, 0]
[403, 1]
[1220, 0]
[418, 1]
[1219, 0]
[417, 1]
[1202, 0]
[433, 1]
[1222, 0]
[403, 1]
[1233, 0]
[413, 1]
[1221, 0]
[416, 1]
[387, 0]
[483, 1]
[315, 0]
[404, 1]
[391, 0]
[409, 1]
[388, 0]
[402, 1]
[374, 0]
[440, 1]
[373, 0]
[420, 1]
[371, 0]
[415, 1]
[396, 0]
[411, 1]
[1222, 0]
[402, 1]
[1238, 0]
[387, 1]
[1206, 0]
[418, 1]
[1215, 0]
[416, 1]
[1233, 0]
[402, 1]
[1235, 0]
[403, 1]
[1223, 0]
[394, 1]
[1234, 0]
[401, 1]
[1201, 0]
[433, 1]
[1242, 0]
[401, 1]
[389, 0]
[404, 1]
[388, 0]
[418, 1]
[387, 0]
[408, 1]
[1228, 0]
[403, 1]
[386, 0]
[417, 1]
[386, 0]
[416, 1]
[374, 0]
[409, 1]
[388, 0]
[416, 1]
[1204, 0]
[431, 1]
[1203, 0]
[1049, 0]
[404, 1]
[373, 0]
[420, 1]
[1232, 0]
[376, 1]
[1201, 0]
[432, 1]
[388, 0]
[405, 1]
[389, 0]
[414, 1]
[378, 0]
[405, 1]
[373, 0]
[412, 1]
[1222, 0]
[404, 1]
[1232, 0]
[405, 1]
[1217, 0]
[418, 1]
[1221, 0]
[423, 1]
[1187, 0]
[439, 1]
[1225, 0]
[403, 1]
[1201, 0]
[403, 1]
[1233, 0]
[402, 1]
[387, 0]
[419, 1]
[380, 0]
[418, 1]
[387, 0]
[418, 1]
[374, 0]
[405, 1]
[385, 0]
[416, 1]
[391, 0]
[384, 1]
[390, 0]
[405, 1]
[386, 0]
[421, 1]
[389, 0]
[405, 1]
[373, 0]
[419, 1]
[389, 0]
[414, 1]
[389, 0]
[404, 1]
[1218, 0]
[422, 1]
[1202, 0]
[424, 1]
[1223, 0]
[417, 1]
[1221, 0]
[417, 1]
[1199, 0]
[433, 1]
[1229, 0]
[404, 1]
[1229, 0]
[404, 1]
[1232, 0]
[405, 1]
[387, 0]
[403, 1]
[390, 0]
[411, 1]
[390, 0]
[489, 1]
[314, 0]
[402, 1]
[387, 0]
[402, 1]
[387, 0]
[417, 1]
[356, 0]
[440, 1]
[386, 0]
[418, 1]
[1221, 0]
[405, 1]
[1240, 0]
[381, 1]
[1225, 0]
[405, 1]
[1218, 0]
[423, 1]
[1219, 0]
[405, 1]
[1217, 0]
[416, 1]
[1234, 0]
[401, 1]
[1238, 0]
[402, 1]
[386, 0]
[406, 1]
[387, 0]
[412, 1]
[372, 0]
[417, 1]
[372, 0]
[432, 1]
[385, 0]
[423, 1]
[390, 0]
[404, 1]
[356, 0]
[445, 1]
[1225, 0]
[408, 1]
[1217, 0]
[403, 1]
[1230, 0]
[403, 1]
[1230, 0]
[419, 1]
[1220, 0]
[421, 1]
[1215, 0]
[405, 1]
[1228, 0]
[403, 1]
[1225, 0]
[403, 1]
[388, 0]
[416, 1]
[1219, 0]
[412, 1]
[1215, 0]
[420, 1]
[389, 0]
[403, 1]
[388, 0]
[409, 1]
[390, 0]
[408, 1]
[392, 0]
[405, 1]
[387, 0]
[402, 1]
[394, 0]
[420, 1]
[359, 0]
[418, 1]
[395, 0]
[394, 1]
[1218, 0]
[405, 1]
[1224, 0]
[404, 1]
[1238, 0]
[403, 1]
[1225, 0]
[402, 1]
[1228, 0]
[412, 1]
[1201, 0]
[433, 1]
[1222, 0]
[395, 1]
[374, 0]
[409, 1]
[394, 0]
[408, 1]
[390, 0]
[406, 1]
[388, 0]
[405, 1]
[393, 0]
[409, 1]
[393, 0]
[404, 1]
[372, 0]
[422, 1]
[388, 0]
[402, 1]
[1231, 0]
[403, 1]
[1234, 0]
[402, 1]
[1236, 0]
[418, 1]
[1223, 0]
[386, 1]
[1242, 0]
[405, 1]
[1224, 0]
[403, 1]
[1206, 0]
[434, 1]
[355, 0]
[433, 1]
[388, 0]
[415, 1]
[391, 0]
[406, 1]
[1196, 0]
[435, 1]
[387, 0]
[417, 1]
[375, 0]
[550, 1]
[254, 0]
[407, 1]
[1201, 0]
[439, 1]
[1222, 0]
[394, 1]
[1238, 0]
[311, 1]
[1222, 0]
[391, 1]
[395, 0]
[428, 1]
[1182, 0]
[437, 1]
[1464, 0]
[160, 1]
[1226, 0]
[404, 1]
[372, 0]
[434, 1]
[358, 0]
[434, 1]
[378, 0]
[419, 1]
[389, 0]
[407, 1]
[391, 0]
[551, 1]
[236, 0]
[404, 1]
[388, 0]
[420, 1]
[383, 0]
[405, 1]
[373, 0]
[434, 1]
[1192, 0]
[433, 1]
[1216, 0]
[420, 1]
[1226, 0]
[420, 1]
[1191, 0]
[435, 1]
[1223, 0]
[403, 1]
[1225, 0]
[420, 1]
[1219, 0]
[418, 1]
[1209, 0]
[420, 1]
[389, 0]
[402, 1]
[394, 0]
[402, 1]
[402, 0]
[526, 1]
[267, 0]
[373, 1]
[389, 0]
[419, 1]
[390, 0]
[410, 1]
[379, 0]
[422, 1]
[387, 0]
[403, 1]
[1223, 0]
[412, 1]
[1190, 0]
[420, 1]
[1222, 0]
[418, 1]
[1232, 0]
[391, 1]
[1242, 0]
[405, 1]
[1221, 0]
[401, 1]
[1236, 0]
[404, 1]
[1237, 0]
[402, 1]
[1223, 0]
[410, 1]
[1218, 0]
[420, 1]
[1208, 0]
[404, 1]
[1228, 0]
[404, 1]
[1241, 0]
[407, 1]
[1210, 0]
[422, 1]
[1221, 0]
[405, 1]
[1206, 0]
[437, 1]
[357, 0]
[556, 1]
[237, 0]
[436, 1]
[358, 0]
[439, 1]
[392, 0]
[407, 1]
[398, 0]
[420, 1]
[359, 0]
[422, 1]
[389, 0]
[406, 1]
[391, 0]
[414, 1]
[1203, 0]
[420, 1]
[1214, 0]
[420, 1]
[1227, 0]
[422, 1]
[1205, 0]
[407, 1]
[1232, 0]
[406, 1]
[1224, 0]
[404, 1]
[1242, 0]
[389, 1]
[1243, 0]
[434, 1]
[358, 0]
[404, 1]
[358, 0]
[419, 1]
[389, 0]
[403, 1]
[391, 0]
[428, 1]
[367, 0]
[430, 1]
[360, 0]
[436, 1]
[358, 0]
[436, 1]
[375, 0]
[435, 1]
[1183, 0]
[450, 1]
[1192, 0]
[405, 1]
[1233, 0]
[432, 1]
[1201, 0]
[434, 1]
[1192, 0]
[447, 1]
[1203, 0]
[419, 1]
[1205, 0]
[437, 1]
[1191, 0]
[449, 1]
[341, 0]
[418, 1]
[387, 0]
[433, 1]
[372, 0]
[425, 1]
[354, 0]
[423, 1]
[361, 0]
[434, 1]
[357, 0]
[447, 1]
[342, 0]
[450, 1]
[341, 0]
[464, 1]
[1194, 0]
[434, 1]
[1211, 0]
[433, 1]
[1190, 0]
[441, 1]
[1190, 0]
[453, 1]
[1186, 0]
[433, 1]
[1200, 0]
[434, 1]
[1208, 0]
[434, 1]
[1213, 0]
[436, 1]
[343, 0]
[447, 1]
[312, 0]
[481, 1]
[311, 0]
[464, 1]
[355, 0]
[436, 1]
[359, 0]
[448, 1]
[356, 0]
[433, 1]
[338, 0]
[471, 1]
[347, 0]
[433, 1]
state skip detected, index: 428
