--- Results (850 samples) ---
[28761, 1]
[49322, 0]
[3398, 1]
[1573, 0]
[463, 1]
[1176, 0]
[446, 1]
[323, 0]
[456, 1]
[344, 0]
[449, 1]
[344, 0]
[463, 1]
[327, 0]
[467, 1]
[327, 0]
[489, 1]
[316, 0]
[469, 1]
[329, 0]
[467, 1]
[333, 0]
[453, 1]
[342, 0]
[464, 1]
[298, 0]
[472, 1]
[329, 0]
[466, 1]
[1167, 0]
[465, 1]
[328, 0]
[466, 1]
[329, 0]
[466, 1]
[342, 0]
[452, 1]
[338, 0]
[457, 1]
[347, 0]
[444, 1]
[328, 0]
[466, 1]
[343, 0]
[455, 1]
[344, 0]
[451, 1]
[345, 0]
[464, 1]
[329, 0]
[466, 1]
[345, 0]
[450, 1]
[357, 0]
[436, 1]
[329, 0]
[420, 1]
[376, 0]
[470, 1]
[346, 0]
[451, 1]
[329, 0]
[467, 1]
[335, 0]
[462, 1]
[1171, 0]
[452, 1]
[344, 0]
[405, 1]
[1229, 0]
[452, 1]
[1182, 0]
[452, 1]
[1155, 0]
[449, 1]
[1185, 0]
[400, 1]
[1215, 0]
[468, 1]
[1175, 0]
[453, 1]
[344, 0]
[403, 1]
[1229, 0]
[467, 1]
[1173, 0]
[404, 1]
[1199, 0]
[459, 1]
[1181, 0]
[465, 1]
[1171, 0]
[405, 1]
[1232, 0]
[409, 1]
[1212, 0]
[457, 1]
[1184, 0]
[452, 1]
[1184, 0]
[468, 1]
[327, 0]
[455, 1]
[344, 0]
[453, 1]
[340, 0]
[531, 1]
[269, 0]
[460, 1]
[331, 0]
[407, 1]
[392, 0]
[460, 1]
[330, 0]
[466, 1]
[343, 0]
[451, 1]
[342, 0]
[450, 1]
[345, 0]
[456, 1]
[1172, 0]
[454, 1]
[1181, 0]
[451, 1]
[344, 0]
[451, 1]
[349, 0]
[449, 1]
[1181, 0]
[451, 1]
[1181, 0]
[467, 1]
[1169, 0]
[450, 1]
[1179, 0]
[473, 1]
[315, 0]
[446, 1]
[347, 0]
[451, 1]
[1184, 0]
[451, 1]
[1171, 0]
[473, 1]
[329, 0]
[452, 1]
[343, 0]
[472, 1]
[331, 0]
[450, 1]
[1171, 0]
[469, 1]
[329, 0]
[468, 1]
[328, 0]
[470, 1]
[1169, 0]
[452, 1]
[344, 0]
[451, 1]
[344, 0]
[466, 1]
[1173, 0]
[453, 1]
[1183, 0]
[452, 1]
[346, 0]
[451, 1]
[1182, 0]
[451, 1]
[1181, 0]
[457, 1]
[332, 0]
[453, 1]
[1184, 0]
[450, 1]
[1179, 0]
[466, 1]
[327, 0]
[466, 1]
[1174, 0]
[453, 1]
[1154, 0]
[466, 1]
[344, 0]
[448, 1]
[314, 0]
[466, 1]
[1207, 0]
[423, 1]
[329, 0]
[467, 1]
[344, 0]
[452, 1]
[343, 0]
[466, 1]
[329, 0]
[465, 1]
[347, 0]
[454, 1]
[1162, 0]
[452, 1]
[1182, 0]
[453, 1]
[343, 0]
[452, 1]
[1182, 0]
[468, 1]
[1161, 0]
[466, 1]
[1191, 0]
[459, 1]
[331, 0]
[453, 1]
[315, 0]
[462, 1]
[1171, 0]
[451, 1]
[1189, 0]
[453, 1]
[1176, 0]
[452, 1]
[342, 0]
[451, 1]
[1185, 0]
[450, 1]
[343, 0]
[455, 1]
[1158, 0]
[467, 1]
[1182, 0]
[451, 1]
[336, 0]
[452, 1]
[345, 0]
[452, 1]
[343, 0]
[455, 1]
[1182, 0]
[484, 1]
[315, 0]
[452, 1]
[1182, 0]
[467, 1]
[328, 0]
[472, 1]
[330, 0]
[456, 1]
[345, 0]
[451, 1]
[344, 0]
[448, 1]
[339, 0]
[468, 1]
[328, 0]
[467, 1]
[328, 0]
[461, 1]
[343, 0]
[473, 1]
[1191, 0]
[434, 1]
[1190, 0]
[422, 1]
[1166, 0]
[462, 1]
[1181, 0]
[456, 1]
[1164, 0]
[474, 1]
[1166, 0]
[450, 1]
[1203, 0]
[436, 1]
[1182, 0]
[455, 1]
[343, 0]
[451, 1]
[208, 0]
[461, 1]
[344, 0]
[452, 1]
[344, 0]
[458, 1]
[344, 0]
[452, 1]
[346, 0]
[454, 1]
[345, 0]
[453, 1]
[329, 0]
[469, 1]
[1172, 0]
[451, 1]
[1173, 0]
[470, 1]
[1163, 0]
[477, 1]
[1165, 0]
[462, 1]
[1197, 0]
[435, 1]
[1169, 0]
[452, 1]
[1186, 0]
[456, 1]
[1181, 0]
[457, 1]
[327, 0]
[469, 1]
[330, 0]
[459, 1]
[329, 0]
[465, 1]
[329, 0]
[465, 1]
[330, 0]
[456, 1]
[346, 0]
[452, 1]
[336, 0]
[467, 1]
[329, 0]
[466, 1]
[1168, 0]
[466, 1]
[1174, 0]
[437, 1]
[1167, 0]
[473, 1]
[1165, 0]
[481, 1]
[1166, 0]
[451, 1]
[1172, 0]
[468, 1]
[1175, 0]
[452, 1]
[1188, 0]
[453, 1]
[346, 0]
[453, 1]
[317, 0]
[452, 1]
[345, 0]
[454, 1]
[359, 0]
[437, 1]
[342, 0]
[474, 1]
[331, 0]
[451, 1]
[337, 0]
[451, 1]
[344, 0]
[469, 1]
[1215, 0]
[410, 1]
[1172, 0]
[467, 1]
[1170, 0]
[452, 1]
[1201, 0]
[444, 1]
[1180, 0]
[454, 1]
[1178, 0]
[452, 1]
[1198, 0]
[436, 1]
[1182, 0]
[453, 1]
[343, 0]
[463, 1]
[335, 0]
[453, 1]
[345, 0]
[453, 1]
[340, 0]
[455, 1]
[343, 0]
[451, 1]
[343, 0]
[468, 1]
[331, 0]
[471, 1]
[330, 0]
[453, 1]
[1167, 0]
[470, 1]
[1179, 0]
[422, 1]
[1218, 0]
[418, 1]
[1198, 0]
[431, 1]
[1188, 0]
[451, 1]
[1182, 0]
[469, 1]
[1154, 0]
[461, 1]
[1169, 0]
[467, 1]
[1161, 0]
[466, 1]
[1187, 0]
[451, 1]
[328, 0]
[472, 1]
[331, 0]
[458, 1]
[344, 0]
[451, 1]
[1182, 0]
[455, 1]
[342, 0]
[453, 1]
[346, 0]
[463, 1]
[353, 0]
[443, 1]
[325, 0]
[468, 1]
[1166, 0]
[473, 1]
[1158, 0]
[1090, 0]
[455, 1]
[363, 0]
[421, 1]
[1190, 0]
[454, 1]
[1178, 0]
[455, 1]
[341, 0]
[454, 1]
[319, 0]
[452, 1]
[343, 0]
[467, 1]
[328, 0]
[435, 1]
[1177, 0]
[458, 1]
[1170, 0]
[458, 1]
[1180, 0]
[451, 1]
[1180, 0]
[468, 1]
[1169, 0]
[453, 1]
[1172, 0]
[473, 1]
[1135, 0]
[473, 1]
[1166, 0]
[469, 1]
[325, 0]
[465, 1]
[346, 0]
[453, 1]
[362, 0]
[443, 1]
[328, 0]
[466, 1]
[327, 0]
[461, 1]
[333, 0]
[449, 1]
[332, 0]
[470, 1]
[429, 0]
[363, 1]
[325, 0]
[467, 1]
[328, 0]
[470, 1]
[328, 0]
[467, 1]
[342, 0]
[452, 1]
[1176, 0]
[451, 1]
[1181, 0]
[470, 1]
[1165, 0]
[455, 1]
[1168, 0]
[467, 1]
[1173, 0]
[460, 1]
[1182, 0]
[451, 1]
[1165, 0]
[453, 1]
[1173, 0]
[474, 1]
[328, 0]
[460, 1]
[330, 0]
[465, 1]
[327, 0]
[466, 1]
[331, 0]
[466, 1]
[328, 0]
[464, 1]
[373, 0]
[423, 1]
[343, 0]
[459, 1]
[339, 0]
[467, 1]
[1159, 0]
[472, 1]
[1169, 0]
[435, 1]
[1173, 0]
[453, 1]
[1177, 0]
[466, 1]
[1174, 0]
[453, 1]
[1176, 0]
[463, 1]
[1192, 0]
[435, 1]
[1183, 0]
[449, 1]
[342, 0]
[457, 1]
[343, 0]
[466, 1]
[326, 0]
[467, 1]
[339, 0]
[452, 1]
[376, 0]
[426, 1]
[327, 0]
[452, 1]
[327, 0]
[465, 1]
[1184, 0]
[452, 1]
[1177, 0]
[468, 1]
[1167, 0]
[456, 1]
[1194, 0]
[456, 1]
[1147, 0]
[466, 1]
[1216, 0]
[421, 1]
[1169, 0]
[471, 1]
[1176, 0]
[455, 1]
[339, 0]
[467, 1]
[1161, 0]
[475, 1]
[1205, 0]
[404, 1]
[348, 0]
[426, 1]
[339, 0]
[446, 1]
[330, 0]
[454, 1]
[349, 0]
[462, 1]
[336, 0]
[455, 1]
[332, 0]
[460, 1]
[317, 0]
[457, 1]
[328, 0]
[443, 1]
[1171, 0]
[440, 1]
[1158, 0]
[444, 1]
[1155, 0]
[459, 1]
[1186, 0]
[407, 1]
[1169, 0]
[426, 1]
[1159, 0]
[442, 1]
[1172, 0]
[415, 1]
[325, 0]
[459, 1]
[334, 0]
[473, 1]
[316, 0]
[462, 1]
[1251, 0]
[343, 1]
[320, 0]
[451, 1]
[338, 0]
[447, 1]
[330, 0]
[496, 1]
[1138, 0]
[441, 1]
[1174, 0]
[451, 1]
[1168, 0]
[470, 1]
[1167, 0]
[465, 1]
[1171, 0]
[452, 1]
[1183, 0]
[451, 1]
[1189, 0]
[455, 1]
[331, 0]
[454, 1]
[344, 0]
[469, 1]
[329, 0]
[551, 1]
[1114, 0]
[440, 1]
[336, 0]
[454, 1]
[328, 0]
[467, 1]
[328, 0]
[468, 1]
[1167, 0]
[608, 1]
[1038, 0]
[453, 1]
[1206, 0]
[428, 1]
[1176, 0]
[422, 1]
[343, 0]
[537, 1]
[1090, 0]
[466, 1]
[1180, 0]
[452, 1]
[1185, 0]
[450, 1]
[351, 0]
[451, 1]
[342, 0]
[451, 1]
[343, 0]
[452, 1]
[344, 0]
[458, 1]
[346, 0]
[453, 1]
[346, 0]
[456, 1]
[327, 0]
[463, 1]
[345, 0]
[452, 1]
[356, 0]
[435, 1]
[1183, 0]
[449, 1]
[1178, 0]
[474, 1]
[1164, 0]
[457, 1]
[1201, 0]
[436, 1]
[1165, 0]
[468, 1]
[1176, 0]
[456, 1]
[1193, 0]
[436, 1]
[1181, 0]
[466, 1]
[332, 0]
[464, 1]
[334, 0]
[466, 1]
[327, 0]
[468, 1]
[334, 0]
[452, 1]
[344, 0]
[431, 1]
[329, 0]
[467, 1]
[327, 0]
[469, 1]
[339, 0]
[469, 1]
[1161, 0]
[458, 1]
[1167, 0]
[466, 1]
[1183, 0]
[422, 1]
[1178, 0]
[467, 1]
[1170, 0]
[454, 1]
[1173, 0]
[475, 1]
[1164, 0]
[464, 1]
[1168, 0]
[460, 1]
[1205, 0]
[423, 1]
[1178, 0]
[440, 1]
[1194, 0]
[444, 1]
[1165, 0]
[469, 1]
[1200, 0]
[408, 1]
[1216, 0]
[422, 1]
[1200, 0]
[439, 1]
[1173, 0]
[462, 1]
[326, 0]
[467, 1]
[355, 0]
[438, 1]
[331, 0]
[468, 1]
[345, 0]
[422, 1]
[346, 0]
[451, 1]
[343, 0]
[451, 1]
[343, 0]
[459, 1]
[345, 0]
[461, 1]
[1172, 0]
[454, 1]
[1179, 0]
[454, 1]
[1244, 0]
[394, 1]
[1166, 0]
[459, 1]
[1169, 0]
[467, 1]
[1165, 0]
[470, 1]
[1176, 0]
[453, 1]
[1178, 0]
[470, 1]
[331, 0]
[452, 1]
[344, 0]
[452, 1]
[313, 0]
[470, 1]
[330, 0]
[466, 1]
[328, 0]
[553, 1]
[250, 0]
[453, 1]
[344, 0]
[467, 1]
[326, 0]
[464, 1]
[1178, 0]
[452, 1]
[1179, 0]
[440, 1]
[1179, 0]
[467, 1]
[1178, 0]
[452, 1]
[1169, 0]
[470, 1]
[1165, 0]
[467, 1]
[1162, 0]
[487, 1]
[1153, 0]
[466, 1]
[329, 0]
[464, 1]
[343, 0]
[452, 1]
[342, 0]
[450, 1]
[347, 0]
[451, 1]
[343, 0]
[457, 1]
[344, 0]
[454, 1]
[346, 0]
[452, 1]
[343, 0]
[460, 1]
[1196, 0]
[437, 1]
[1167, 0]
[404, 1]
[1266, 0]
[420, 1]
[1182, 0]
[452, 1]
[1189, 0]
[454, 1]
[1187, 0]
[442, 1]
[1185, 0]
[463, 1]
[1165, 0]
[466, 1]
[327, 0]
[566, 1]
[272, 0]
[425, 1]
[318, 0]
[450, 1]
[330, 0]
[468, 1]
[344, 0]
[452, 1]
[339, 0]
[466, 1]
[327, 0]
[465, 1]
[334, 0]
[394, 1]
state skip detected, index: 428
